# BARR MKO L band 3770/700
# 9/10/04
# cold test witness
# 77K CWL = 3.7581um BW = 0.7140um
2.99 0.0630941381745217 
3 0.0217545665281476 
3.01 -0.0156531501578081 
3.02 -0.0493254929562539 
3.03 -0.0794589429401051 
3.04 -0.106249981182271 
3.05 -0.129895088755666 
3.06 -0.1505907467332 
3.07 -0.168533436187787 
3.08 -0.183919638192337 
3.09 -0.196945833819765 
3.1 -0.20780850414298 
3.11 -0.216704130234896 
3.12 -0.223829193168424 
3.13 -0.229380174016478 
3.14 -0.233553553851967 
3.15 -0.236545813747806 
3.16 -0.238553434776905 
3.17 -0.239772898012177 
3.18 -0.240400684526534 
3.19 -0.240633275392888 
3.2 -0.240667151684151 
3.21 -0.237042777818012 
3.22 -0.225719549954739 
3.23 -0.206267735196351 
3.24 -0.178258070527296 
3.25 -0.141261292932018 
3.26 -0.0948481393949598 
3.27 -0.0385893469005681 
3.28 0.0279443475667087 
3.29 0.105182207022428 
3.3 0.227124169465268 
3.31 0.594558014973782 
3.32 1.16496325955367 
3.33 2.04324780004553 
3.34 3.59940844669651 
3.35 6.37985309973699 
3.36 11.0046670546288 
3.37 16.6351842440787 
3.38 24.4220668055773 
3.39 34.3150209501695 
3.4 46.039065685214 
3.41 61.304087746498 
3.42 74.8938823840054 
3.43 85.0157927741436 
3.44 89.6815881399157 
3.45 91.8889216414067 
3.46 92.9446582760643 
3.47 93.0029747702174 
3.48 93.0352975207173 
3.49 93.2238148262313 
3.5 93.4447952328583 
3.51 93.6837619319706 
3.52 93.9843341139674 
3.53 94.260443886002 
3.54 94.4673651576011 
3.55 94.605915293596 
3.56 94.4147062630246 
3.57 93.9847802699708 
3.58 93.903097663448 
3.59 94.3287243961778 
3.6 94.8675500807749 
3.61 95.1716631775344 
3.62 95.4064948242378 
3.63 95.5642747307435 
3.64 95.5868776855536 
3.65 95.5052616337624 
3.66 95.375158940747 
3.67 95.2344097393959 
3.68 95.0430160711568 
3.69 94.8464641969756 
3.7 94.6925053753672 
3.71 94.620941109064 
3.72 94.8162955379199 
3.73 95.1392003996673 
3.74 95.3761742761555 
3.75 95.3812952918557 
3.76 95.3020665240346 
3.77 95.2038668819138 
3.78 95.1358639075508 
3.79 95.1138495328464 
3.8 95.0969300173773 
3.81 95.0852826706799 
3.82 95.0803807443652 
3.83 95.1275103564937 
3.84 95.2540151627064 
3.85 95.3876222055268 
3.86 95.4549711559755 
3.87 95.3763365120683 
3.88 95.1607050024406 
3.89 94.8803497864463 
3.9 94.5433820848647 
3.91 94.0337626998132 
3.92 93.7819993296298 
3.93 93.8192453042495 
3.94 93.9490531466787 
3.95 94.2139061438426 
3.96 94.3773700064384 
3.97 94.430023242353 
3.98 94.403942998375 
3.99 94.0131486011849 
4 93.5314539520377 
4.01 92.9769190865539 
4.02 92.5336654764759 
4.03 92.3191918486646 
4.04 92.4829239457438 
4.05 92.7869841777446 
4.06 93.2895297927543 
4.07 92.8386905368727 
4.08 89.7444618181648 
4.09 82.2525181517575 
4.1 70.68663432659 
4.11 54.649283677587 
4.12 37.4147383305161 
4.13 25.7260318946183 
4.14 15.8771130010947 
4.15 9.67395321794497 
4.16 6.17318539158753 
4.17 3.49602954594552 
4.18 2.07771488651625 
4.19 1.38861135223684 
4.2 0.946247529436533 
4.21 0.722027684506771 
4.22 0.674858189673492 
4.23 0.647923947882611 
4.24 0.606523548186972 
4.25 0.532716064862531 
4.26 0.434546101014186 
4.27 0.322221387351558 
4.28 0.205949654584297 
4.29 0.0959386334220256 
4.3 0.00239605457436696 
4.31 -0.0644703512490307 
4.32 -0.0944528533385456 
4.33 -0.0951162383077002 
4.34 -0.0948128456839846 
4.35 -0.0939101163488196 
4.36 -0.0920805992638041 
4.37 -0.0889968433905366 
4.38 -0.0843313976906151 
4.39 -0.077756811125639 
4.4 -0.0689456326572067 
4.41 -0.0575704112469167 
4.42 -0.0433036958563675 
4.43 -0.0258180354471579 
4.44 -0.00478597898088437 
4.45 0.0201199245808508 
4.46 0.0492271262764507 
4.47 0.08286307714432 
4.48 0.121355228222854 
4.49 0.165031030550457 
