#     xc1     yc1     xc2     yc2     
example_data/BD03884A_00001_skysub.fit 187.84604885988236     234.709974521576     365.34949104765457     153.92454164427204     
example_data/BD03884A_00002_skysub.fit 187.84725019443925     234.76562262308397     365.5141266502211     154.48157349456253     
example_data/BD03884A_00003_skysub.fit 187.78100505434998     235.0379500005212     365.4209804710255     155.14816718854178     
example_data/BD03884A_00004_skysub.fit 187.61202663821302     235.19142607196176     365.598349275377     155.5520638090291     
example_data/BD03884A_00005_skysub.fit 187.62652737493156     235.1405529721187     365.75528803014663     155.76921582376457     
example_data/BD03884A_00006_skysub.fit 187.17008665457558     235.30365987675344     364.9230057155198     156.3580782404328     
example_data/BD03884A_00007_skysub.fit 187.1424534931375     235.54444012655821     364.98645149384157     156.61019678710537     
example_data/BD03884A_00008_skysub.fit 186.9186147780165     235.9269625787695     365.4505473314696     157.50299651866766     
# example_data/BD03884A_00009_skysub.fit nan     nan     nan     nan     
example_data/BD03884A_00010_skysub.fit 186.76883999576629     235.85001268587268     365.2221426077823     157.96650834962134     
example_data/BD03884A_00011_skysub.fit 733.9305510682111     288.3233766125678     914.2886719430363     210.66289363189148     
example_data/BD03884A_00012_skysub.fit 733.3835096297374     289.50241287380845     913.8159009437235     211.8970857080971     
# example_data/BD03884A_00013_skysub.fit nan     nan     nan     nan     
